%This is to find out the perpendicular vanishing points 
%%  X - Axis %%
%{x Axis : (883 , 219 ) , (1907,271)
%	 (1943, 1059) , (1391,1051)
m1 = (271 - 219)/(1907 - 883) ; 
m2 = (1051 - 1059)/(1391-1943);
% y = m1*x + c1 ; 
%y = m2*x  +c2 ;  c1 = 219 - m1*883
c1 = 219 - m1*883  ; 
c2 = 1059 - m2*1943 ; 
x_int = (c2 - c1)/(m1 - m2) ; 
y_int = m1*x_int  + c1 ; 
X = zeros(1,2) ; 
X = [x_int , y_int] ; 
%%  Y - Axis %%
%{y Axis : (879 , 647)  (883,219)
%	(1943 , 1059) , (1907,271)
m1 = (219 - 647)/(883 - 879) ; 
m2 = (271 - 1059)/(1907-1943);
% y = m1*x + c1 ; 
%y = m2*x  +c2 ;  c1 = 219 - m1*883
c1 = 219 - m1*883  ; 
c2 = 1059 - m2*1943 ; 
x_int = (c2 - c1)/(m1 - m2) ; 
y_int = m1*x_int  + c1 ; 
Y = zeros(1,2) ; 
Y = [x_int , y_int] ; 
%%  Z - Axis %%
%{z Axis : (1943 , 1059) , (2351,963)
	% (1907,271)    , (2067,59)
m1 = (963 - 1059)/(2351 - 1943) ; 
m2 = (59 - 271)/(2067-1907);
% y = m1*x + c1 ; 
%y = m2*x  +c2 ;  c1 = 219 - m1*883
c1 = 963 - m1*2351  ; 
c2 = 59 - m2*2067 ; 
x_int = (c2 - c1)/(m1 - m2) ; 
y_int = m1*x_int  + c1 ; 
Z = zeros(1,2) ; 
Z = [x_int , y_int] ; 